%YAML:1.0
---
K1: !!opencv-matrix
   rows: 3
   cols: 3
   dt: d
   data: [ 1., 0., 0., 0., 1., 0., 0., 0., 1. ]
D1: !!opencv-matrix
   rows: 1
   cols: 5
   dt: d
   data: [ -5.1892498912904976e-02, 3.9996816857213076e-02,
       -7.2626704992171428e-04, -1.6898801498317017e-03,
       1.6083130782885910e-01 ]
K2: !!opencv-matrix
   rows: 3
   cols: 3
   dt: d
   data: [ 1., 0., 0., 0., 1., 0., 0., 0., 1. ]
D2: !!opencv-matrix
   rows: 1
   cols: 5
   dt: d
   data: [ -5.1892498912904976e-02, 3.9996816857213076e-02,
       -7.2626704992171428e-04, -1.6898801498317017e-03,
       1.6083130782885910e-01 ]
R: !!opencv-matrix
   rows: 3
   cols: 3
   dt: d
   data: [ 9.9992814091100490e-01, 2.8399265093843880e-03,
       1.1646794910312978e-02, -2.6255572566604170e-03,
       9.9982762569141415e-01, -1.8380025934731016e-02,
       -1.1696985224988287e-02, 1.8348125835918029e-02,
       9.9976323537873490e-01 ]
T: !!opencv-matrix
   rows: 3
   cols: 1
   dt: d
   data: [ -4.5030863325520132e+00, 1.7483429327821445e+00,
       -5.5590080005318632e-01 ]
E: !!opencv-matrix
   rows: 3
   cols: 3
   dt: d
   data: [ -2.1909890832528409e-02, 5.8788379317215955e-01,
       1.7377115159077074e+00, -6.0853338782683042e-01,
       8.1044477261007927e-02, 4.4955456984132640e+00,
       -1.7363941874539435e+00, -4.5072752816012400e+00,
       6.2404252007630036e-02 ]
F: !!opencv-matrix
   rows: 3
   cols: 3
   dt: d
   data: [ -3.5109612130034873e-01, 9.4205727055310291e+00,
       2.7846043498690456e+01, -9.7514731488557267e+00,
       1.2987012047047497e+00, 7.2039092750660686e+01,
       -2.7824933904209573e+01, -7.2227054032314086e+01,
       9.9999999999999989e-01 ]
checkerboard_cols: 14
checkerboard_rows: 20
square_size: 5.0000000745058060e-02
left_intrinsic_matrix: !!opencv-matrix
   rows: 3
   cols: 3
   dt: d
   data: [ 1., 0., 0., 0., 1., 0., 0., 0., 1. ]
left_distortion_coefficients: !!opencv-matrix
   rows: 1
   cols: 5
   dt: d
   data: [ -5.1892498912904976e-02, 3.9996816857213076e-02,
       -7.2626704992171428e-04, -1.6898801498317017e-03,
       1.6083130782885910e-01 ]
right_intrinsic_matrix: !!opencv-matrix
   rows: 3
   cols: 3
   dt: d
   data: [ 1., 0., 0., 0., 1., 0., 0., 0., 1. ]
right_distortion_coefficients: !!opencv-matrix
   rows: 1
   cols: 5
   dt: d
   data: [ -5.1892498912904976e-02, 3.9996816857213076e-02,
       -7.2626704992171428e-04, -1.6898801498317017e-03,
       1.6083130782885910e-01 ]
rotation: !!opencv-matrix
   rows: 3
   cols: 3
   dt: d
   data: [ 9.9992814091100490e-01, 2.8399265093843880e-03,
       1.1646794910312978e-02, -2.6255572566604170e-03,
       9.9982762569141415e-01, -1.8380025934731016e-02,
       -1.1696985224988287e-02, 1.8348125835918029e-02,
       9.9976323537873490e-01 ]
translation: !!opencv-matrix
   rows: 3
   cols: 1
   dt: d
   data: [ -4.5030863325520132e+00, 1.7483429327821445e+00,
       -5.5590080005318632e-01 ]
essential_matrix: !!opencv-matrix
   rows: 3
   cols: 3
   dt: d
   data: [ -2.1909890832528409e-02, 5.8788379317215955e-01,
       1.7377115159077074e+00, -6.0853338782683042e-01,
       8.1044477261007927e-02, 4.4955456984132640e+00,
       -1.7363941874539435e+00, -4.5072752816012400e+00,
       6.2404252007630036e-02 ]
fundamental_matrix: !!opencv-matrix
   rows: 3
   cols: 3
   dt: d
   data: [ -3.5109612130034873e-01, 9.4205727055310291e+00,
       2.7846043498690456e+01, -9.7514731488557267e+00,
       1.2987012047047497e+00, 7.2039092750660686e+01,
       -2.7824933904209573e+01, -7.2227054032314086e+01,
       9.9999999999999989e-01 ]
