%YAML:1.0
---
checkerboard_cols: 14
checkerboard_rows: 20
square_size: 5.0000000745058060e-02
frame_width: 1440
frame_height: 1080
left_intrinsic_matrix: !!opencv-matrix
   rows: 3
   cols: 3
   dt: d
   data: [ 1.0687724396778463e+03, 0., 6.9368868457027747e+02, 0.,
       1.0701001611924498e+03, 5.5860910504284345e+02, 0., 0., 1. ]
left_distortion_coefficients: !!opencv-matrix
   rows: 1
   cols: 5
   dt: d
   data: [ -8.3012104127181574e-02, 2.7278960298722710e-01,
       -5.4793284707236873e-04, -3.2279423172819617e-03,
       -2.7424439986948912e-01 ]
right_intrinsic_matrix: !!opencv-matrix
   rows: 3
   cols: 3
   dt: d
   data: [ 1.0579535708830470e+03, 0., 7.1416640023090770e+02, 0.,
       1.0586039601140485e+03, 5.7642814051526591e+02, 0., 0., 1. ]
right_distortion_coefficients: !!opencv-matrix
   rows: 1
   cols: 5
   dt: d
   data: [ -5.6323000704847428e-02, 1.2487545278142015e-01,
       1.4773580045923730e-04, -6.8138807420381258e-04,
       -4.4829209833681286e-02 ]
rotation: !!opencv-matrix
   rows: 3
   cols: 3
   dt: d
   data: [ 9.9983478909050960e-01, -1.7210169109613098e-03,
       -1.8095099478269233e-02, 1.6348184318354917e-03,
       9.9998725206498096e-01, -4.7773503349833575e-03,
       1.8103090703833015e-02, 4.7469788624365976e-03,
       9.9982485681175604e-01 ]
translation: !!opencv-matrix
   rows: 3
   cols: 1
   dt: d
   data: [ -2.1297511536341701e-01, -2.5697186841675203e-03,
       -1.0994668978496222e-02 ]
essential_matrix: !!opencv-matrix
   rows: 3
   cols: 3
   dt: d
   data: [ -2.8545562924843524e-05, 1.0982330418894376e-02,
       -2.6217940009717351e-03, -7.1373447081515013e-03,
       1.0299103820975502e-03, 2.1313676385159216e-01,
       2.2211184944881703e-03, -2.1297682289979755e-01,
       9.7095742350336123e-04 ]
fundamental_matrix: !!opencv-matrix
   rows: 3
   cols: 3
   dt: d
   data: [ 1.2930094729149621e-08, -4.9684213284761249e-06,
       4.0356851549330046e-03, 3.2309695229123339e-06,
       -4.6564660629522662e-07, -1.0510043614548002e-01,
       -2.9360475772706907e-03, 1.0575158274705135e-01,
       9.9999999999999989e-01 ]
