%YAML:1.0
---
checkerboard_cols: 14
checkerboard_rows: 20
square_size: 5.0000000745058060e-02
frame_width: 1440
frame_height: 1080
intrinsic_matrix: !!opencv-matrix
   rows: 3
   cols: 3
   dt: d
   data: [ 1.0596194794405246e+03, 0., 6.9650851316081707e+02, 0.,
       1.0602290999746092e+03, 5.6111804724898434e+02, 0., 0., 1. ]
distortion_coefficients: !!opencv-matrix
   rows: 1
   cols: 5
   dt: d
   data: [ -5.1892498912904976e-02, 3.9996816857213076e-02,
       -7.2626704992171428e-04, -1.6898801498317017e-03,
       1.6083130782885910e-01 ]
rotation:
   - !!opencv-matrix
      rows: 3
      cols: 1
      dt: d
      data: [ 2.6701754893315133e-01, 8.4693673300754627e-02,
          1.5163084138877257e-02 ]
   - !!opencv-matrix
      rows: 3
      cols: 1
      dt: d
      data: [ 2.1549539649019253e-01, 1.6229524286256333e-02,
          1.6869481583517230e-02 ]
   - !!opencv-matrix
      rows: 3
      cols: 1
      dt: d
      data: [ -2.8729726716953882e-02, -4.2645361152258376e-01,
          -2.7837158172845107e-02 ]
   - !!opencv-matrix
      rows: 3
      cols: 1
      dt: d
      data: [ 3.7055179391723025e-01, -5.7968197704395041e-01,
          -9.0201105257215891e-02 ]
   - !!opencv-matrix
      rows: 3
      cols: 1
      dt: d
      data: [ 5.2002526332240762e-01, 8.6342263355923418e-02,
          1.1990579248244844e-02 ]
   - !!opencv-matrix
      rows: 3
      cols: 1
      dt: d
      data: [ 5.8592770599642241e-01, 7.8175094268300260e-01,
          4.9826433027504939e-02 ]
   - !!opencv-matrix
      rows: 3
      cols: 1
      dt: d
      data: [ -2.0614193705975500e-01, 5.8518815151019576e-01,
          1.1069059130594887e-01 ]
   - !!opencv-matrix
      rows: 3
      cols: 1
      dt: d
      data: [ -2.5999832381211363e-01, 1.1991189988823769e-01,
          3.5797992212617612e-02 ]
   - !!opencv-matrix
      rows: 3
      cols: 1
      dt: d
      data: [ -2.0864710654337834e-01, -6.3981351956878185e-01,
          1.1581330471374218e-01 ]
translation:
   - !!opencv-matrix
      rows: 3
      cols: 1
      dt: d
      data: [ -4.0493748629522730e-01, -3.5864097552046981e-01,
          1.0575026872284168e+00 ]
   - !!opencv-matrix
      rows: 3
      cols: 1
      dt: d
      data: [ -4.8513377197098934e-01, -3.7478716608875212e-01,
          1.3893027347241109e+00 ]
   - !!opencv-matrix
      rows: 3
      cols: 1
      dt: d
      data: [ -2.7369004768726801e-01, -5.7014079650787464e-01,
          1.3827389091544162e+00 ]
   - !!opencv-matrix
      rows: 3
      cols: 1
      dt: d
      data: [ -1.0827662927924082e-01, -3.5510888145619818e-01,
          1.4257087644588633e+00 ]
   - !!opencv-matrix
      rows: 3
      cols: 1
      dt: d
      data: [ -8.7967780656349012e-02, -4.5519403544550308e-01,
          1.7647469085120697e+00 ]
   - !!opencv-matrix
      rows: 3
      cols: 1
      dt: d
      data: [ 5.2442351317202117e-02, -6.9148638744818836e-01,
          1.9743504987916671e+00 ]
   - !!opencv-matrix
      rows: 3
      cols: 1
      dt: d
      data: [ -1.2129604141646658e-01, -5.7423744541364075e-01,
          2.1984580914003851e+00 ]
   - !!opencv-matrix
      rows: 3
      cols: 1
      dt: d
      data: [ -2.1022464446514735e-01, -4.7233517091534605e-01,
          2.0158916659880708e+00 ]
   - !!opencv-matrix
      rows: 3
      cols: 1
      dt: d
      data: [ -2.0477099178089819e-01, -4.8608089570830199e-01,
          1.6852408747005989e+00 ]
