%YAML:1.0
---
checkerboard_cols: 5
checkerboard_rows: 7
square_size: 9.4999998807907104e-02
frame_width: 2448
frame_height: 2048
intrinsic_matrix: !!opencv-matrix
   rows: 3
   cols: 3
   dt: d
   data: [ 2.3257986799263144e+03, 0., 1.0582570542183905e+03, 0.,
       2.3266510856408327e+03, 7.0345259619852641e+02, 0., 0., 1. ]
distortion_coefficients: !!opencv-matrix
   rows: 1
   cols: 5
   dt: d
   data: [ -1.2832922735710489e-01, 9.0997368934891398e-01,
       -7.2811788369025474e-03, 2.1314942445875085e-03,
       -8.1073185259495411e+00 ]
rotation:
   - !!opencv-matrix
      rows: 3
      cols: 1
      dt: d
      data: [ 2.1792045993848777e-02, -9.0091562260093766e-02,
          8.3214309733905568e-03 ]
   - !!opencv-matrix
      rows: 3
      cols: 1
      dt: d
      data: [ 3.3645959993067083e-02, -4.6046868270851832e-01,
          2.9069140507665764e-02 ]
   - !!opencv-matrix
      rows: 3
      cols: 1
      dt: d
      data: [ 5.0714292798430527e-01, -3.7433330022792859e-02,
          3.0588916502508474e+00 ]
   - !!opencv-matrix
      rows: 3
      cols: 1
      dt: d
      data: [ 5.3751921806127312e-01, -5.3626841526096147e-01,
          2.8630267544412753e+00 ]
   - !!opencv-matrix
      rows: 3
      cols: 1
      dt: d
      data: [ 3.5908498621965362e-01, -3.2779580689836518e-01,
          1.0143129266742897e-01 ]
   - !!opencv-matrix
      rows: 3
      cols: 1
      dt: d
      data: [ 2.3762242320617905e-01, -1.4850157169964384e-01,
          6.0991111460187408e-01 ]
   - !!opencv-matrix
      rows: 3
      cols: 1
      dt: d
      data: [ 2.3539542283611908e-01, -1.7507045225514264e-01,
          9.4578449464165149e-01 ]
   - !!opencv-matrix
      rows: 3
      cols: 1
      dt: d
      data: [ 1.5532429117084570e-01, -2.7490946766574903e-01,
          2.6127647391316842e+00 ]
   - !!opencv-matrix
      rows: 3
      cols: 1
      dt: d
      data: [ 1.7317021480360320e-01, -1.6285410170758619e-01,
          2.2513183841016025e+00 ]
   - !!opencv-matrix
      rows: 3
      cols: 1
      dt: d
      data: [ 1.5385006467891568e-01, 2.3743844732725607e-04,
          1.9442902486028184e+00 ]
   - !!opencv-matrix
      rows: 3
      cols: 1
      dt: d
      data: [ 1.3280156784803268e-01, 5.1845173307354935e-02,
          1.7643979980929743e+00 ]
   - !!opencv-matrix
      rows: 3
      cols: 1
      dt: d
      data: [ 7.8989401977967069e-02, -7.1678746573763086e-01,
          8.5186528976256626e-01 ]
   - !!opencv-matrix
      rows: 3
      cols: 1
      dt: d
      data: [ 4.2176066487113989e-01, -4.5746768367547436e-01,
          2.3004278376146194e+00 ]
translation:
   - !!opencv-matrix
      rows: 3
      cols: 1
      dt: d
      data: [ -4.0511860717487669e-01, -3.3715311445771140e-01,
          2.1268164754782046e+00 ]
   - !!opencv-matrix
      rows: 3
      cols: 1
      dt: d
      data: [ -3.9802434084191962e-01, -3.5940594305926227e-01,
          2.0818892275626624e+00 ]
   - !!opencv-matrix
      rows: 3
      cols: 1
      dt: d
      data: [ -4.4748866941257660e-02, 2.0726691548246889e-01,
          2.1946931818592352e+00 ]
   - !!opencv-matrix
      rows: 3
      cols: 1
      dt: d
      data: [ 6.2237905122100165e-03, 1.4116142363533171e-01,
          2.2698946145642243e+00 ]
   - !!opencv-matrix
      rows: 3
      cols: 1
      dt: d
      data: [ -4.0907875647402625e-01, -3.9681876730158178e-01,
          2.1941650035721505e+00 ]
   - !!opencv-matrix
      rows: 3
      cols: 1
      dt: d
      data: [ -1.4633272676915279e-01, -4.0868544122002320e-01,
          2.3215059137651028e+00 ]
   - !!opencv-matrix
      rows: 3
      cols: 1
      dt: d
      data: [ -6.8984294914371969e-02, -4.0319340319472624e-01,
          2.3587755770297796e+00 ]
   - !!opencv-matrix
      rows: 3
      cols: 1
      dt: d
      data: [ 1.6533727441116777e-01, 9.2465002569570659e-02,
          2.4567963709924232e+00 ]
   - !!opencv-matrix
      rows: 3
      cols: 1
      dt: d
      data: [ 9.8700713263220288e-02, 1.4076357372792917e-02,
          2.4045634231631303e+00 ]
   - !!opencv-matrix
      rows: 3
      cols: 1
      dt: d
      data: [ 2.8678545530656879e-02, -2.9353979201213080e-02,
          2.3704857265538832e+00 ]
   - !!opencv-matrix
      rows: 3
      cols: 1
      dt: d
      data: [ 4.2196597477434233e-02, 3.1772288200581658e-02,
          2.3444652008831204e+00 ]
   - !!opencv-matrix
      rows: 3
      cols: 1
      dt: d
      data: [ -1.2521253824893866e-01, -3.7362010925976991e-01,
          2.5260053863170651e+00 ]
   - !!opencv-matrix
      rows: 3
      cols: 1
      dt: d
      data: [ -4.8936675889936880e-02, 7.5384093325433811e-03,
          2.5276059602476599e+00 ]
RMS error: 3.4737884397087132e-01
