%YAML:1.0
---
lidar_to_camera_rotation: !!opencv-matrix
   rows: 3
   cols: 3
   dt: d
   data: [ 2.6217925617092119e-01, 1.6775175457391758e-01,
       9.5032698923635539e-01, -2.5601323852553570e-01,
       -9.3739766315417061e-01, 2.3609922238916087e-01,
       9.3044035775181733e-01, -3.0519660868114401e-01,
       -2.0281955210531075e-01 ]
lidar_to_camera_translation: !!opencv-matrix
   rows: 3
   cols: 1
   dt: d
   data: [ 4.9077678097231847e-01, -9.2214943319184817e-01,
       4.7907817321435342e+00 ]
