%YAML:1.0
---
lidar_to_camera_rotation: !!opencv-matrix
   rows: 3
   cols: 3
   dt: d
   data: [ 2.3712028896163731e-01, 3.3872581464415330e-01,
       9.1051567315253001e-01, -1.5551159772531545e-01,
       -9.1192479585841779e-01, 3.7974900878277973e-01,
       9.5895261172576651e-01, -2.3164194178135791e-01,
       -1.6356007847911014e-01 ]
lidar_to_camera_translation: !!opencv-matrix
   rows: 3
   cols: 1
   dt: d
   data: [ 4.0958167063238105e-01, -7.0882928688449931e-01,
       4.8582723890890627e+00 ]
