%YAML:1.0
---
lidar_to_camera_rotation: !!opencv-matrix
   rows: 3
   cols: 3
   dt: d
   data: [ 5.0920254944282324e-02, 9.9657496644125876e-01,
       6.5157224457559310e-02, -3.5103740362113223e-02,
       6.6987546493300160e-02, -9.9713609704362660e-01,
       -9.9808559505134553e-01, 4.8487161985533982e-02,
       3.8394531818866554e-02 ]
lidar_to_camera_translation: !!opencv-matrix
   rows: 3
   cols: 1
   dt: d
   data: [ 7.3791010773254728e-02, -1.3383093219770914e-01,
       -1.1781286129554758e-01 ]
