%YAML:1.0
---
lidar_to_camera_rotation: !!opencv-matrix
   rows: 3
   cols: 3
   dt: d
   data: [ 5.0465103572078629e-01, 6.8708368707280643e-01,
       5.2272683028937361e-01, -7.4400117112159814e-01,
       3.8977800827685601e-02, 6.6704046984596643e-01,
       4.3793788317023691e-01, -7.2553203788742149e-01,
       5.3086125539852358e-01 ]
lidar_to_camera_translation: !!opencv-matrix
   rows: 3
   cols: 1
   dt: d
   data: [ 1.2114736113914497e+00, -2.0235779769397952e+00,
       3.4496148784378291e+00 ]
