%YAML:1.0
---
lidar_to_camera_rotation: !!opencv-matrix
   rows: 3
   cols: 3
   dt: d
   data: [ 3.1918585779354539e-02, -9.2411750816296845e-01,
       3.8077294413930141e-01, -1.5020397603346250e-01,
       -3.8107557754877636e-01, -9.1226102064025794e-01,
       9.8813965079111388e-01, -2.8075528535222962e-02,
       -1.5096951755862131e-01 ]
lidar_to_camera_translation: !!opencv-matrix
   rows: 3
   cols: 1
   dt: d
   data: [ -2.7720395698990363e-01, -5.1093470668097807e-01,
       4.8404935641999653e+00 ]
