%YAML:1.0
---
camera_matrix_: !!opencv-matrix
   rows: 3
   cols: 3
   dt: d
   data: [ 1.0596194794405246e+03, 0., 6.9650851316081707e+02, 0.,
       1.0602290999746094e+03, 5.6111804724898434e+02, 0., 0., 1. ]
distortion_coefficients: !!opencv-matrix
   rows: 1
   cols: 5
   dt: d
   data: [ -5.1892498912904837e-02, 3.9996816857215720e-02,
       -7.2626704992169628e-04, -1.6898801498316728e-03,
       1.6083130782885341e-01 ]
rotation:
   - !!opencv-matrix
      rows: 3
      cols: 1
      dt: d
      data: [ 2.6701754893315144e-01, 8.4693673300754543e-02,
          1.5163084138877255e-02 ]
   - !!opencv-matrix
      rows: 3
      cols: 1
      dt: d
      data: [ 2.1549539649019273e-01, 1.6229524286256319e-02,
          1.6869481583517237e-02 ]
   - !!opencv-matrix
      rows: 3
      cols: 1
      dt: d
      data: [ -2.8729726716954049e-02, -4.2645361152258382e-01,
          -2.7837158172845142e-02 ]
   - !!opencv-matrix
      rows: 3
      cols: 1
      dt: d
      data: [ 3.7055179391723048e-01, -5.7968197704395041e-01,
          -9.0201105257215849e-02 ]
   - !!opencv-matrix
      rows: 3
      cols: 1
      dt: d
      data: [ 5.2002526332240762e-01, 8.6342263355923293e-02,
          1.1990579248244841e-02 ]
   - !!opencv-matrix
      rows: 3
      cols: 1
      dt: d
      data: [ 5.8592770599642230e-01, 7.8175094268300249e-01,
          4.9826433027504939e-02 ]
   - !!opencv-matrix
      rows: 3
      cols: 1
      dt: d
      data: [ -2.0614193705975495e-01, 5.8518815151019565e-01,
          1.1069059130594887e-01 ]
   - !!opencv-matrix
      rows: 3
      cols: 1
      dt: d
      data: [ -2.5999832381211346e-01, 1.1991189988823762e-01,
          3.5797992212617605e-02 ]
   - !!opencv-matrix
      rows: 3
      cols: 1
      dt: d
      data: [ -2.0864710654337826e-01, -6.3981351956878174e-01,
          1.1581330471374217e-01 ]
   - !!opencv-matrix
      rows: 3
      cols: 1
      dt: d
      data: [ 2.6701754893315133e-01, 8.4693673300754516e-02,
          1.5163084138877250e-02 ]
   - !!opencv-matrix
      rows: 3
      cols: 1
      dt: d
      data: [ 2.1549539649019275e-01, 1.6229524286256323e-02,
          1.6869481583517244e-02 ]
   - !!opencv-matrix
      rows: 3
      cols: 1
      dt: d
      data: [ -2.8729726716954056e-02, -4.2645361152258382e-01,
          -2.7837158172845142e-02 ]
   - !!opencv-matrix
      rows: 3
      cols: 1
      dt: d
      data: [ 3.7055179391723048e-01, -5.7968197704395041e-01,
          -9.0201105257215863e-02 ]
   - !!opencv-matrix
      rows: 3
      cols: 1
      dt: d
      data: [ 5.2002526332240773e-01, 8.6342263355923293e-02,
          1.1990579248244846e-02 ]
   - !!opencv-matrix
      rows: 3
      cols: 1
      dt: d
      data: [ 5.8592770599642230e-01, 7.8175094268300260e-01,
          4.9826433027504981e-02 ]
   - !!opencv-matrix
      rows: 3
      cols: 1
      dt: d
      data: [ -2.0614193705975495e-01, 5.8518815151019588e-01,
          1.1069059130594887e-01 ]
   - !!opencv-matrix
      rows: 3
      cols: 1
      dt: d
      data: [ -2.5999832381211346e-01, 1.1991189988823753e-01,
          3.5797992212617626e-02 ]
   - !!opencv-matrix
      rows: 3
      cols: 1
      dt: d
      data: [ -2.0864710654337826e-01, -6.3981351956878174e-01,
          1.1581330471374217e-01 ]
translation:
   - !!opencv-matrix
      rows: 3
      cols: 1
      dt: d
      data: [ -4.0493748629522736e-01, -3.5864097552046981e-01,
          1.0575026872284168e+00 ]
   - !!opencv-matrix
      rows: 3
      cols: 1
      dt: d
      data: [ -4.8513377197098945e-01, -3.7478716608875218e-01,
          1.3893027347241111e+00 ]
   - !!opencv-matrix
      rows: 3
      cols: 1
      dt: d
      data: [ -2.7369004768726812e-01, -5.7014079650787464e-01,
          1.3827389091544164e+00 ]
   - !!opencv-matrix
      rows: 3
      cols: 1
      dt: d
      data: [ -1.0827662927924092e-01, -3.5510888145619823e-01,
          1.4257087644588635e+00 ]
   - !!opencv-matrix
      rows: 3
      cols: 1
      dt: d
      data: [ -8.7967780656349109e-02, -4.5519403544550308e-01,
          1.7647469085120697e+00 ]
   - !!opencv-matrix
      rows: 3
      cols: 1
      dt: d
      data: [ 5.2442351317202034e-02, -6.9148638744818847e-01,
          1.9743504987916674e+00 ]
   - !!opencv-matrix
      rows: 3
      cols: 1
      dt: d
      data: [ -1.2129604141646670e-01, -5.7423744541364075e-01,
          2.1984580914003851e+00 ]
   - !!opencv-matrix
      rows: 3
      cols: 1
      dt: d
      data: [ -2.1022464446514749e-01, -4.7233517091534605e-01,
          2.0158916659880708e+00 ]
   - !!opencv-matrix
      rows: 3
      cols: 1
      dt: d
      data: [ -2.0477099178089830e-01, -4.8608089570830199e-01,
          1.6852408747005989e+00 ]
   - !!opencv-matrix
      rows: 3
      cols: 1
      dt: d
      data: [ -4.0493748629522736e-01, -3.5864097552046981e-01,
          1.0575026872284168e+00 ]
   - !!opencv-matrix
      rows: 3
      cols: 1
      dt: d
      data: [ -4.8513377197098945e-01, -3.7478716608875218e-01,
          1.3893027347241111e+00 ]
   - !!opencv-matrix
      rows: 3
      cols: 1
      dt: d
      data: [ -2.7369004768726812e-01, -5.7014079650787464e-01,
          1.3827389091544164e+00 ]
   - !!opencv-matrix
      rows: 3
      cols: 1
      dt: d
      data: [ -1.0827662927924092e-01, -3.5510888145619823e-01,
          1.4257087644588637e+00 ]
   - !!opencv-matrix
      rows: 3
      cols: 1
      dt: d
      data: [ -8.7967780656349109e-02, -4.5519403544550308e-01,
          1.7647469085120697e+00 ]
   - !!opencv-matrix
      rows: 3
      cols: 1
      dt: d
      data: [ 5.2442351317202061e-02, -6.9148638744818847e-01,
          1.9743504987916674e+00 ]
   - !!opencv-matrix
      rows: 3
      cols: 1
      dt: d
      data: [ -1.2129604141646667e-01, -5.7423744541364075e-01,
          2.1984580914003851e+00 ]
   - !!opencv-matrix
      rows: 3
      cols: 1
      dt: d
      data: [ -2.1022464446514749e-01, -4.7233517091534610e-01,
          2.0158916659880708e+00 ]
   - !!opencv-matrix
      rows: 3
      cols: 1
      dt: d
      data: [ -2.0477099178089830e-01, -4.8608089570830199e-01,
          1.6852408747005989e+00 ]
