%YAML:1.0
---
checkerboard_cols: 5
checkerboard_rows: 7
square_size: 9.4999998807907104e-02
frame_width: 1440
frame_height: 1080
intrinsic_matrix: !!opencv-matrix
   rows: 3
   cols: 3
   dt: d
   data: [ 2.3681306093690541e+03, 0., 1.0614294304685513e+03, 0.,
       2.3712603815669286e+03, 7.7499090944455475e+02, 0., 0., 1. ]
distortion_coefficients: !!opencv-matrix
   rows: 1
   cols: 5
   dt: d
   data: [ -1.1408743005813037e-01, 1.2531676844530140e-01,
       -5.2651521670999074e-04, -2.4351180797211620e-03,
       -3.4089703427318158e-01 ]
rotation:
   - !!opencv-matrix
      rows: 3
      cols: 1
      dt: d
      data: [ -1.5411595134610509e-01, -3.1099135898989377e-01,
          2.9736489028865316e+00 ]
   - !!opencv-matrix
      rows: 3
      cols: 1
      dt: d
      data: [ -7.4696258244426467e-02, -1.1268113309791057e-01,
          5.7043789787486621e-01 ]
   - !!opencv-matrix
      rows: 3
      cols: 1
      dt: d
      data: [ -2.7771100376450378e-02, -3.0978781953471485e-01,
          1.2714348613553970e+00 ]
   - !!opencv-matrix
      rows: 3
      cols: 1
      dt: d
      data: [ -8.7816274283296525e-02, -2.0341467739155480e-01,
          2.5113556108619477e+00 ]
   - !!opencv-matrix
      rows: 3
      cols: 1
      dt: d
      data: [ -7.0081460116776823e-02, -4.8538314958460886e-02,
          8.0400672853980160e-01 ]
   - !!opencv-matrix
      rows: 3
      cols: 1
      dt: d
      data: [ -1.6272584342392246e-02, -2.8255999175356544e-01,
          6.6161481549834662e-04 ]
translation:
   - !!opencv-matrix
      rows: 3
      cols: 1
      dt: d
      data: [ -1.6463228912886627e-01, 1.3547913745833853e-01,
          2.2156106650997467e+00 ]
   - !!opencv-matrix
      rows: 3
      cols: 1
      dt: d
      data: [ -4.3161966737833035e-01, -5.3241017923789546e-01,
          1.9434715115425489e+00 ]
   - !!opencv-matrix
      rows: 3
      cols: 1
      dt: d
      data: [ -1.8707375781983615e-01, -3.0498008890455058e-01,
          1.9169504771789398e+00 ]
   - !!opencv-matrix
      rows: 3
      cols: 1
      dt: d
      data: [ -1.1132149622451006e-01, -3.9898750072420518e-02,
          2.0557839218859311e+00 ]
   - !!opencv-matrix
      rows: 3
      cols: 1
      dt: d
      data: [ -3.1560910702634709e-01, -4.9640779507641142e-01,
          2.0211536662115894e+00 ]
   - !!opencv-matrix
      rows: 3
      cols: 1
      dt: d
      data: [ -5.6297626898091990e-01, -4.8343127254498985e-01,
          1.9772461266887067e+00 ]
RMS error: 2.3062273250287602e-01
