%YAML:1.0
---
K1: !!opencv-matrix
   rows: 3
   cols: 3
   dt: d
   data: [ 1., 0., 0., 0., 1., 0., 0., 0., 1. ]
D1: !!opencv-matrix
   rows: 1
   cols: 5
   dt: d
   data: [ -5.1892498912904837e-02, 3.9996816857215720e-02,
       -7.2626704992169628e-04, -1.6898801498316728e-03,
       1.6083130782885341e-01 ]
K2: !!opencv-matrix
   rows: 3
   cols: 3
   dt: d
   data: [ 1., 0., 0., 0., 1., 0., 0., 0., 1. ]
D2: !!opencv-matrix
   rows: 1
   cols: 5
   dt: d
   data: [ -5.1892498912904837e-02, 3.9996816857215720e-02,
       -7.2626704992169628e-04, -1.6898801498316728e-03,
       1.6083130782885341e-01 ]
R: !!opencv-matrix
   rows: 3
   cols: 3
   dt: d
   data: [ 9.6351541072881830e-01, -2.6478386545322485e-01,
       -3.9083985003133710e-02, 2.6558828803779622e-01,
       9.6393710416082445e-01, 1.6974112029692272e-02,
       3.3180032327127802e-02, -2.6735067190723102e-02,
       9.9909174835801651e-01 ]
T: !!opencv-matrix
   rows: 3
   cols: 1
   dt: d
   data: [ 7.1981252416067765e+00, 9.2201378000265635e+00,
       3.4694632565426637e+00 ]
E: !!opencv-matrix
   rows: 3
   cols: 3
   dt: d
   data: [ -6.1552433644974902e-01, -3.5908453680955548e+00,
       9.1528725367309196e+00, 3.1040472864250206e+00,
       -7.2621553013370288e-01, -7.3271879824245216e+00,
       -6.9720070993689056e+00, 9.3798837274837972e+00,
       4.8254151175785365e-01 ]
F: !!opencv-matrix
   rows: 3
   cols: 3
   dt: d
   data: [ -1.2755883617296495e+00, -7.4415263362823234e+00,
       1.8968052102684098e+01, 6.4327051886526121e+00,
       -1.5049804264262518e+00, -1.5184575427992215e+01,
       -1.4448512572463526e+01, 1.9438501142241122e+01,
       9.9999999999999989e-01 ]
